https://in.mathworks.com/matlabcentral/fileexchange/38524-jpeg-compression-for-grayscale-images?s_tid=srchtitle
The Folder jpeg_implementation

qfactor	zigzag	y	x
10	11313	12390	11585
20	14946	16650	15505
30	17592	19775	18501
40	19685	22184	20872
50	21737	24623	23170
60	24151	27464	25895
70	27525	31312	29733
80	34269	38669	36752
90	49903	56021	53613
x=[10 20 30 40 50 60 70 80 90]
y1=[11313 14946 17592 19685 21737 24151 27525 34269 49903]
y2=[12390 16650 19775 22184 24623 27464 31312 38669 56021]
y3=[11585 15505 18501 20872 23170 25895 29733 36752 53613]